Y1,41.68624
Y2,68.45227
N1,43.6348
N2,70.28674
Y1,42.35884
Y2,69.4984
N1,42.29573
Y2,68.88826
Y1,9.206259
Y2,39.13541
Y1,12.21413
Y2,38.3097
N2,49.16241
Y1,8.134688
Y2,31.51157
Y1,10.18547
Y2,33.4539
N1,9.443819
Y2,37.89456
Y1,10.49521
Y2,33.89614
Y1,9.149503
Y2,32.43414
Y1,10.04257
Y2,58.82724
Y1,10.31777
Y1,11.28734
Y1,10.81563
Y1,11.25552
Y1,9.760221
Y1,10.0531
Y1,37.78928
Y1,46.93656
N1,51.96669
0,10.26781
4,36.83929
6,46.67264
0,10.85102
4,39.70369
0,10.55147
4,60.4947
6,69.00116
0,11.6194
0,9.886854
4,37.03884
6,48.73203
9,57.16155
0,13.99243
4,38.56524
6,49.38838
9,57.12551
0,9.994928
4,35.65871
6,48.64019
9,53.94923
11,88.89196
0,10.53239
4,37.12323
6,49.091
